Evaluation Metrics:
fid = 0.004236102302408943
ssim = 0.26068780103153755
l1 = 114019.0875
is = 1.0273143712322075
lpips = 0.3364285945892334
Evaluation Metrics:
fid = 0.017032487802543635
ssim = 0.6198206113996696
l1 = 68484.224
is = 1.165181822691728
lpips = 0.28331207275390624
